20 2 1 
20 3 0 
4 2 1 
9 1 0 
9 3 0 
14 3 0 
13 1 1 
14 0 1 
24 1 0 
13 3 0 
5 3 0 
22 2 1 
8 3 1 
15 0 1 
22 1 0 
11 3 0 
14 2 0 
9 0 0 
17 3 0 
23 1 0 
24 0 0 
23 2 0 
24 3 0 
14 1 0 
0 0 0 
11 0 0 
23 1 1 
9 0 0 
13 3 1 
22 1 1 
2 0 1 
12 0 1 
4 0 0 
13 3 1 
16 3 0 
19 1 0 
19 2 0 
16 0 1 
13 3 1 
15 3 0 
8 0 1 
13 0 0 
5 1 1 
8 1 1 
15 0 1 
17 0 1 
18 3 1 
13 2 0 
7 2 1 
22 3 0 
6 2 1 
5 2 1 
22 0 1 
8 3 0 
6 1 1 
15 0 0 
17 3 0 
6 0 1 
7 1 0 
18 3 1 
17 3 1 
7 3 0 
13 1 1 
16 3 0 
19 1 1 
19 2 1 
12 3 0 
4 0 0 
4 3 1 
11 3 0 
6 0 0 
8 1 0 
6 1 1 
1 2 0 
0 1 1 
3 1 1 
11 0 0 
20 0 1 
17 2 0 
4 1 0 
6 3 0 
24 1 1 
11 3 0 
22 0 0 
13 2 0 
21 2 1 
23 1 0 
9 0 1 
14 2 1 
14 1 0 
7 3 0 
11 1 1 
6 3 1 
24 2 1 
14 3 0 
11 3 1 
11 0 1 
11 3 1 
5 0 0 
8 1 1 
5 1 1 
22 3 0 
9 0 1 
13 3 1 
22 1 0 
11 0 1 
5 0 1 
8 2 1 
22 3 0 
22 2 0 
8 2 0 
22 1 1 
19 2 1 
15 1 0 
19 1 1 
1 1 1 
3 2 0 
0 2 0 
0 1 1 
5 0 1 
6 3 1 
0 0 1 
0 2 1 
5 1 1 
15 3 0 
8 0 0 
15 3 0 
13 0 1 
7 1 1 
6 1 0 
7 0 0 
9 1 1 
18 3 0 
15 2 1 
5 2 0 
22 3 1 
6 0 1 
14 1 0 
22 0 0 
15 0 0 
9 3 1 
23 3 1 
22 2 1 
8 3 0 
22 1 0 
23 0 1 
11 3 1 
11 3 1 
21 2 1 
1 2 0 
3 1 1 
7 3 0 
3 2 1 
3 1 0 
7 1 1 
6 3 1 
2 3 1 
11 2 1 
3 0 0 
12 1 0 
4 1 1 
17 2 0 
13 1 0 
9 2 1 
16 1 0 
9 1 0 
13 3 0 
8 0 0 
13 0 1 
24 2 0 
22 2 0 
13 0 1 
14 2 1 
22 2 0 
15 1 1 
16 0 0 
9 3 1 
5 0 0 
7 2 0 
13 3 0 
11 2 1 
4 0 1 
16 1 1 
12 3 1 
0 1 1 
19 2 0 
13 2 1 
16 1 0 
19 1 0 
11 1 0 
13 0 0 
19 3 0 
5 3 1 
22 0 0 
7 2 1 
7 2 0 
13 3 1 
8 1 1 
19 0 1 
6 3 1 
1 1 0 
7 0 0 
3 2 0 
2 1 1 
7 2 0 
5 0 0 
13 0 0 
17 3 0 
21 1 1 
9 2 0 
18 1 0 
20 3 1 
20 2 0 
18 1 1 
20 2 1 
20 1 0 
19 1 1 
19 2 1 
13 2 1 
16 2 1 
3 2 0 
1 0 0 
11 1 0 
22 3 0 
22 1 0 
9 0 1 
13 3 1 
9 3 0 
22 2 1 
15 1 1 
16 0 0 
19 2 0 
16 3 0 
16 3 0 
19 1 1 
19 0 1 
15 3 1 
8 1 1 
15 3 0 
7 2 0 
13 1 1 
19 3 0 
1 0 1 
12 0 1 
2 3 0 
2 0 0 
4 0 0 
4 3 0 
2 1 0 
2 0 0 
4 0 1 
19 3 1 
2 2 1 
4 3 0 
2 1 0 
15 0 0 
16 3 1 
15 3 1 
19 0 1 
18 0 0 
9 2 1 
17 1 0 
17 2 1 
4 1 1 
16 3 1 
18 3 1 
15 3 1 
13 0 0 
2 0 0 
12 0 1 
1 3 0 
2 3 0 
15 3 0 
8 0 1 
5 2 1 
3 3 1 
0 3 1 
11 3 1 
3 0 1 
0 0 0 
1 1 0 
7 3 0 
1 2 1 
14 0 1 
22 2 1 
6 1 1 
2 1 1 
7 2 1 
19 0 1 
4 3 0 
18 1 0 
9 2 0 
12 1 0 
0 1 1 
0 2 0 
4 0 1 
4 3 0 
11 2 0 
22 0 0 
5 3 0 
13 3 0 
16 1 1 
13 3 1 
13 0 0 
22 3 1 
11 1 1 
8 3 1 
2 3 0 
2 0 0 
1 0 1 
4 2 1 
17 1 1 
18 1 1 
10 2 1 
1 2 0 
0 2 0 
3 1 1 
17 2 0 
12 2 1 
9 1 1 
12 0 0 
19 3 0 
5 3 1 
3 2 1 
4 0 0 
19 3 1 
2 0 1 
7 0 0 
19 0 1 
13 2 0 
4 0 1 
4 3 0 
3 1 1 
1 3 1 
12 0 1 
2 3 0 
2 0 1 
1 0 1 
