5.72474 0.434814 5.32411 0.45387 5 0 5.5 0 0 
5.72474 0.434814 5.5 0 6 0 6.14019 0.414802 0 
5.72474 0.434814 6.14019 0.414802 6.42272 0.806031 5.86267 0.863034 0 
5.72474 0.434814 5.86267 0.863034 5.38632 0.89986 5.32411 0.45387 0 
6.49663 0.296633 6.14019 0.414802 6 0 6.5 0 0 
6.49663 0.296633 6.5 0 7 0 6.83044 0.418491 0 
6.49663 0.296633 6.83044 0.418491 6.42272 0.806031 6.14019 0.414802 0 
7.24915 0.450287 6.83044 0.418491 7 0 7.5 0 0 
7.24915 0.450287 7.5 0 8 0 7.66413 0.484369 0 
7.24915 0.450287 7.66413 0.484369 7.50785 0.962151 6.97619 0.877321 0 
7.24915 0.450287 6.97619 0.877321 6.42272 0.806031 6.83044 0.418491 0 
8.76677 0.427821 8.3369 0.455231 8 0 8.5 0 0 
8.76677 0.427821 8.5 0 9 0 9.2502 0.42376 0 
8.76677 0.427821 9.2502 0.42376 9.4531 0.833108 9.0011 0.865233 0 
8.76677 0.427821 9.0011 0.865233 8.5601 0.899189 8.3369 0.455231 0 
9.75 0.433013 9.2502 0.42376 9 0 9.5 0 0 
9.75 0.433013 9.5 0 10 0 10.25 0.433013 0 
9.75 0.433013 10.25 0.433013 10.5 0.866025 10 0.866025 0 
9.75 0.433013 10 0.866025 9.4531 0.833108 9.2502 0.42376 0 
4.72815 1.33367 4.25 1.29904 4.5 0.866025 4.91124 0.952765 0 
4.72815 1.33367 4.91124 0.952765 5.38632 0.89986 5.24833 1.30143 0 
4.72815 1.33367 5.24833 1.30143 5.11338 1.70085 4.61499 1.73476 0 
4.72815 1.33367 4.61499 1.73476 4 1.73205 4.25 1.29904 0 
5.76667 1.2649 5.24833 1.30143 5.38632 0.89986 5.86267 0.863034 0 
5.76667 1.2649 5.86267 0.863034 6.42272 0.806031 6.2643 1.25525 0 
5.76667 1.2649 6.2643 1.25525 6.07099 1.6866 5.6069 1.64745 0 
5.76667 1.2649 5.6069 1.64745 5.11338 1.70085 5.24833 1.30143 0 
5.00851 0.589767 4.75 0.433013 5 0 5.32411 0.45387 0 
5.00851 0.589767 5.32411 0.45387 5.38632 0.89986 4.91124 0.952765 0 
5.00851 0.589767 4.91124 0.952765 4.5 0.866025 4.75 0.433013 0 
6.73172 1.29443 6.2643 1.25525 6.42272 0.806031 6.97619 0.877321 0 
6.73172 1.29443 6.97619 0.877321 7.50785 0.962151 7.14921 1.3607 0 
6.73172 1.29443 7.14921 1.3607 7.01904 1.81733 6.52502 1.72654 0 
6.73172 1.29443 6.52502 1.72654 6.07099 1.6866 6.2643 1.25525 0 
8.28547 1.30636 7.83567 1.33143 7.50785 0.962151 8.0766 0.942234 0 
8.28547 1.30636 8.0766 0.942234 8.5601 0.899189 8.77739 1.32302 0 
8.28547 1.30636 8.77739 1.32302 8.98483 1.77587 8.44949 1.67316 0 
8.28547 1.30636 8.44949 1.67316 8.00131 1.74187 7.83567 1.33143 0 
9.23103 1.30863 8.77739 1.32302 8.5601 0.899189 9.0011 0.865233 0 
9.23103 1.30863 9.0011 0.865233 9.4531 0.833108 9.63924 1.27187 0 
9.23103 1.30863 9.63924 1.27187 10.0017 1.69902 9.49754 1.73025 0 
9.23103 1.30863 9.49754 1.73025 8.98483 1.77587 8.77739 1.32302 0 
8.00675 0.595337 7.66413 0.484369 8 0 8.3369 0.455231 0 
8.00675 0.595337 8.3369 0.455231 8.5601 0.899189 8.0766 0.942234 0 
8.00675 0.595337 8.0766 0.942234 7.50785 0.962151 7.66413 0.484369 0 
9.97127 1.15632 9.63924 1.27187 9.4531 0.833108 10 0.866025 0 
9.97127 1.15632 10 0.866025 10.5 0.866025 10.25 1.29904 0 
9.97127 1.15632 10.25 1.29904 10.0017 1.69902 9.63924 1.27187 0 
4.7668 2.17114 4.35932 2.20975 4 1.73205 4.61499 1.73476 0 
4.7668 2.17114 4.61499 1.73476 5.11338 1.70085 5.19188 2.13684 0 
4.7668 2.17114 5.19188 2.13684 5.57426 2.53148 5.02425 2.60213 0 
4.7668 2.17114 5.02425 2.60213 4.48757 2.69929 4.35932 2.20975 0 
5.52474 2.00249 5.19188 2.13684 5.11338 1.70085 5.6069 1.64745 0 
5.52474 2.00249 5.6069 1.64745 6.07099 1.6866 5.86396 2.12773 0 
5.52474 2.00249 5.86396 2.12773 5.57426 2.53148 5.19188 2.13684 0 
6.26851 2.15901 5.86396 2.12773 6.07099 1.6866 6.52502 1.72654 0 
6.26851 2.15901 6.52502 1.72654 7.01904 1.81733 6.67081 2.18306 0 
6.26851 2.15901 6.67081 2.18306 6.5496 2.6042 6.11237 2.59181 0 
6.26851 2.15901 6.11237 2.59181 5.57426 2.53148 5.86396 2.12773 0 
7.7647 2.20411 7.33763 2.19484 7.01904 1.81733 7.55596 1.81102 0 
7.7647 2.20411 7.55596 1.81102 8.00131 1.74187 8.16467 2.18927 0 
7.7647 2.20411 8.16467 2.18927 8.45583 2.69086 7.90013 2.63066 0 
7.7647 2.20411 7.90013 2.63066 7.45366 2.61122 7.33763 2.19484 0 
8.47103 2.02578 8.16467 2.18927 8.00131 1.74187 8.44949 1.67316 0 
8.47103 2.02578 8.44949 1.67316 8.98483 1.77587 8.72821 2.20534 0 
8.47103 2.02578 8.72821 2.20534 8.45583 2.69086 8.16467 2.18927 0 
7.49724 1.46877 7.14921 1.3607 7.50785 0.962151 7.83567 1.33143 0 
7.49724 1.46877 7.83567 1.33143 8.00131 1.74187 7.55596 1.81102 0 
7.49724 1.46877 7.55596 1.81102 7.01904 1.81733 7.14921 1.3607 0 
9.76647 2.13853 9.33622 2.17973 8.98483 1.77587 9.49754 1.73025 0 
9.76647 2.13853 9.49754 1.73025 10.0017 1.69902 10.2587 2.15891 0 
9.76647 2.13853 10.2587 2.15891 10.4854 2.62114 9.94461 2.52215 0 
9.76647 2.13853 9.94461 2.52215 9.49161 2.59718 9.33622 2.17973 0 
10.75 2.16506 10.2587 2.15891 10.0017 1.69902 10.5 1.73205 0 
10.75 2.16506 10.5 1.73205 11 1.73205 11.25 2.16506 0 
10.75 2.16506 11.25 2.16506 11.5 2.59808 11 2.59808 0 
10.75 2.16506 11 2.59808 10.4854 2.62114 10.2587 2.15891 0 
10.5018 1.44303 10.25 1.29904 10.5 0.866025 10.75 1.29904 0 
10.5018 1.44303 10.75 1.29904 11 1.73205 10.5 1.73205 0 
10.5018 1.44303 10.5 1.73205 10.0017 1.69902 10.25 1.29904 0 
3.71306 3.07321 3.25 3.03109 3.5 2.59808 3.93848 2.68743 0 
3.71306 3.07321 3.93848 2.68743 4.48757 2.69929 4.14866 3.109 0 
3.71306 3.07321 4.14866 3.109 4.01598 3.55589 3.49286 3.48242 0 
3.71306 3.07321 3.49286 3.48242 3 3.4641 3.25 3.03109 0 
5.27714 3.01629 4.85119 3.07162 4.48757 2.69929 5.02425 2.60213 0 
5.27714 3.01629 5.02425 2.60213 5.57426 2.53148 5.7407 2.9905 0 
5.27714 3.01629 5.7407 2.9905 5.94289 3.42947 5.50048 3.46249 0 
5.27714 3.01629 5.50048 3.46249 5.0592 3.49924 4.85119 3.07162 0 
4.02397 2.33007 3.75 2.16506 4 1.73205 4.35932 2.20975 0 
4.02397 2.33007 4.35932 2.20975 4.48757 2.69929 3.93848 2.68743 0 
4.02397 2.33007 3.93848 2.68743 3.5 2.59808 3.75 2.16506 0 
6.23189 3.01418 5.7407 2.9905 5.57426 2.53148 6.11237 2.59181 0 
6.23189 3.01418 6.11237 2.59181 6.5496 2.6042 6.68782 3.04143 0 
6.23189 3.01418 6.68782 3.04143 7.03487 3.51531 6.44172 3.41322 0 
6.23189 3.01418 6.44172 3.41322 5.94289 3.42947 5.7407 2.9905 0 
7.00389 2.91405 6.68782 3.04143 6.5496 2.6042 7.00084 2.60294 0 
7.00389 2.91405 7.00084 2.60294 7.45366 2.61122 7.33105 3.04943 0 
7.00389 2.91405 7.33105 3.04943 7.03487 3.51531 6.68782 3.04143 0 
7.75934 3.04688 7.33105 3.04943 7.45366 2.61122 7.90013 2.63066 0 
7.75934 3.04688 7.90013 2.63066 8.45583 2.69086 8.20599 3.11205 0 
7.75934 3.04688 8.20599 3.11205 7.99649 3.46399 7.58252 3.48006 0 
7.75934 3.04688 7.58252 3.48006 7.03487 3.51531 7.33105 3.04943 0 
7.00008 2.30296 6.67081 2.18306 7.01904 1.81733 7.33763 2.19484 0 
7.00008 2.30296 7.33763 2.19484 7.45366 2.61122 7.00084 2.60294 0 
7.00008 2.30296 7.00084 2.60294 6.5496 2.6042 6.67081 2.18306 0 
9.22455 3.06362 8.79723 3.15594 8.45583 2.69086 9.02519 2.69023 0 
9.22455 3.06362 9.02519 2.69023 9.49161 2.59718 9.6443 3.00827 0 
9.22455 3.06362 9.6443 3.00827 9.95905 3.40017 9.5079 3.47939 0 
9.22455 3.06362 9.5079 3.47939 9.08468 3.5628 8.79723 3.15594 0 
9.97176 2.86597 9.6443 3.00827 9.49161 2.59718 9.94461 2.52215 0 
9.97176 2.86597 9.94461 2.52215 10.4854 2.62114 10.2434 3.01551 0 
9.97176 2.86597 10.2434 3.01551 9.95905 3.40017 9.6443 3.00827 0 
9.01141 2.33774 8.72821 2.20534 8.98483 1.77587 9.33622 2.17973 0 
9.01141 2.33774 9.33622 2.17973 9.49161 2.59718 9.02519 2.69023 0 
9.01141 2.33774 9.02519 2.69023 8.45583 2.69086 8.72821 2.20534 0 
11.25 3.03109 10.8477 3.04649 10.4854 2.62114 11 2.59808 0 
11.25 3.03109 11 2.59808 11.5 2.59808 11.75 3.03109 0 
11.25 3.03109 11.75 3.03109 12 3.4641 11.5 3.4641 0 
11.25 3.03109 11.5 3.4641 10.9835 3.46185 10.8477 3.04649 0 
3.22386 3.9041 2.75 3.89711 3 3.4641 3.49286 3.48242 0 
3.22386 3.9041 3.49286 3.48242 4.01598 3.55589 3.65971 3.91736 0 
3.22386 3.9041 3.65971 3.91736 3.53879 4.33022 3.082 4.33029 0 
3.22386 3.9041 3.082 4.33029 2.5 4.33013 2.75 3.89711 0 
4.77032 3.91687 4.33723 3.9222 4.01598 3.55589 4.57774 3.54471 0 
4.77032 3.91687 4.57774 3.54471 5.0592 3.49924 5.23753 3.91316 0 
4.77032 3.91687 5.23753 3.91316 5.3298 4.33308 4.87226 4.33039 0 
4.77032 3.91687 4.87226 4.33039 4.45081 4.33019 4.33723 3.9222 0 
5.70388 3.91174 5.23753 3.91316 5.0592 3.49924 5.50048 3.46249 0 
5.70388 3.91174 5.50048 3.46249 5.94289 3.42947 6.12872 3.8942 0 
5.70388 3.91174 6.12872 3.8942 6.34582 4.40111 5.81811 4.35061 0 
5.70388 3.91174 5.81811 4.35061 5.3298 4.33308 5.23753 3.91316 0 
4.50765 3.20702 4.14866 3.109 4.48757 2.69929 4.85119 3.07162 0 
4.50765 3.20702 4.85119 3.07162 5.0592 3.49924 4.57774 3.54471 0 
4.50765 3.20702 4.57774 3.54471 4.01598 3.55589 4.14866 3.109 0 
6.48016 3.76826 6.12872 3.8942 5.94289 3.42947 6.44172 3.41322 0 
6.48016 3.76826 6.44172 3.41322 7.03487 3.51531 6.74473 4.0246 0 
6.48016 3.76826 6.74473 4.0246 6.34582 4.40111 6.12872 3.8942 0 
7.73398 3.88981 7.29293 3.97554 7.03487 3.51531 7.58252 3.48006 0 
7.73398 3.88981 7.58252 3.48006 7.99649 3.46399 8.18007 3.80784 0 
7.73398 3.88981 8.18007 3.80784 8.38286 4.23419 7.89808 4.31102 0 
7.73398 3.88981 7.89808 4.31102 7.49834 4.33069 7.29293 3.97554 0 
8.49272 3.45476 8.18007 3.80784 7.99649 3.46399 8.20599 3.11205 0 
8.49272 3.45476 8.20599 3.11205 8.45583 2.69086 8.79723 3.15594 0 
8.49272 3.45476 8.79723 3.15594 9.08468 3.5628 8.71248 3.81926 0 
8.49272 3.45476 8.71248 3.81926 8.38286 4.23419 8.18007 3.80784 0 
9.75302 3.92529 9.36183 3.99835 9.08468 3.5628 9.5079 3.47939 0 
9.75302 3.92529 9.5079 3.47939 9.95905 3.40017 10.1457 3.85635 0 
9.75302 3.92529 10.1457 3.85635 10.5089 4.23618 9.98147 4.34771 0 
9.75302 3.92529 9.98147 4.34771 9.46302 4.49487 9.36183 3.99835 0 
10.4908 3.75171 10.1457 3.85635 9.95905 3.40017 10.4823 3.46147 0 
10.4908 3.75171 10.4823 3.46147 10.9835 3.46185 10.8504 3.86084 0 
10.4908 3.75171 10.8504 3.86084 10.5089 4.23618 10.1457 3.85635 0 
11.296 3.87176 10.8504 3.86084 10.9835 3.46185 11.5 3.4641 0 
11.296 3.87176 11.5 3.4641 12 3.4641 11.75 3.89711 0 
11.296 3.87176 11.75 3.89711 11.516 4.35373 11.0708 4.24738 0 
11.296 3.87176 11.0708 4.24738 10.5089 4.23618 10.8504 3.86084 0 
10.519 3.16918 10.2434 3.01551 10.4854 2.62114 10.8477 3.04649 0 
10.519 3.16918 10.8477 3.04649 10.9835 3.46185 10.4823 3.46147 0 
10.519 3.16918 10.4823 3.46147 9.95905 3.40017 10.2434 3.01551 0 
3.22511 4.75787 2.75 4.76314 2.5 4.33013 3.082 4.33029 0 
3.22511 4.75787 3.082 4.33029 3.53879 4.33022 3.66022 4.74407 0 
3.22511 4.75787 3.66022 4.74407 4.01701 5.11048 3.49919 5.18704 0 
3.22511 4.75787 3.49919 5.18704 3 5.19615 2.75 4.76314 0 
3.99884 4.62598 3.66022 4.74407 3.53879 4.33022 3.9979 4.33015 0 
3.99884 4.62598 3.9979 4.33015 4.45081 4.33019 4.33681 4.73884 0 
3.99884 4.62598 4.33681 4.73884 4.01701 5.11048 3.66022 4.74407 0 
4.77002 4.7438 4.33681 4.73884 4.45081 4.33019 4.87226 4.33039 0 
4.77002 4.7438 4.87226 4.33039 5.3298 4.33308 5.23893 4.74932 0 
4.77002 4.7438 5.23893 4.74932 5.05584 5.15939 4.57709 5.11747 0 
4.77002 4.7438 4.57709 5.11747 4.01701 5.11048 4.33681 4.73884 0 
3.99885 4.03461 3.65971 3.91736 4.01598 3.55589 4.33723 3.9222 0 
3.99885 4.03461 4.33723 3.9222 4.45081 4.33019 3.9979 4.33015 0 
3.99885 4.03461 3.9979 4.33015 3.53879 4.33022 3.65971 3.91736 0 
5.71482 4.77018 5.23893 4.74932 5.3298 4.33308 5.81811 4.35061 0 
5.71482 4.77018 5.81811 4.35061 6.34582 4.40111 6.15883 4.87145 0 
5.71482 4.77018 6.15883 4.87145 5.91911 5.26657 5.49408 5.19289 0 
5.71482 4.77018 5.49408 5.19289 5.05584 5.15939 5.23893 4.74932 0 
6.9947 4.36664 6.75281 4.78252 6.34582 4.40111 6.74473 4.0246 0 
6.9947 4.36664 6.74473 4.0246 7.03487 3.51531 7.29293 3.97554 0 
6.9947 4.36664 7.29293 3.97554 7.49834 4.33069 7.31407 4.70087 0 
6.9947 4.36664 7.31407 4.70087 7.1411 5.18414 6.75281 4.78252 0 
7.77222 4.75193 7.31407 4.70087 7.49834 4.33069 7.89808 4.31102 0 
7.77222 4.75193 7.89808 4.31102 8.38286 4.23419 8.25653 4.71703 0 
7.77222 4.75193 8.25653 4.71703 8.11541 5.15391 7.64857 5.18224 0 
7.77222 4.75193 7.64857 5.18224 7.1411 5.18414 7.31407 4.70087 0 
8.7421 4.76282 8.25653 4.71703 8.38286 4.23419 8.89652 4.40555 0 
8.7421 4.76282 8.89652 4.40555 9.46302 4.49487 9.1888 4.91064 0 
8.7421 4.76282 9.1888 4.91064 8.97819 5.32512 8.58171 5.13732 0 
8.7421 4.76282 8.58171 5.13732 8.11541 5.15391 8.25653 4.71703 0 
10.2112 4.75073 9.77595 4.86318 9.46302 4.49487 9.98147 4.34771 0 
10.2112 4.75073 9.98147 4.34771 10.5089 4.23618 10.62 4.70178 0 
10.2112 4.75073 10.62 4.70178 10.8823 5.15481 10.3926 5.18883 0 
10.2112 4.75073 10.3926 5.18883 9.99811 5.1983 9.77595 4.86318 0 
8.99445 4.06707 8.71248 3.81926 9.08468 3.5628 9.36183 3.99835 0 
8.99445 4.06707 9.36183 3.99835 9.46302 4.49487 8.89652 4.40555 0 
8.99445 4.06707 8.89652 4.40555 8.38286 4.23419 8.71248 3.81926 0 
10.9725 4.59381 10.62 4.70178 10.5089 4.23618 11.0708 4.24738 0 
10.9725 4.59381 11.0708 4.24738 11.516 4.35373 11.2153 4.7694 0 
10.9725 4.59381 11.2153 4.7694 10.8823 5.15481 10.62 4.70178 0 
12.0021 4.61966 11.75 4.76314 11.516 4.35373 12 4.33013 0 
12.0021 4.61966 12 4.33013 12.5 4.33013 12.25 4.76314 0 
12.0021 4.61966 12.25 4.76314 12 5.19615 11.75 4.76314 0 
11.9999 4.04068 11.75 3.89711 12 3.4641 12.25 3.89711 0 
11.9999 4.04068 12.25 3.89711 12.5 4.33013 12 4.33013 0 
11.9999 4.04068 12 4.33013 11.516 4.35373 11.75 3.89711 0 
3.74067 5.61833 3.25 5.62916 3 5.19615 3.49919 5.18704 0 
3.74067 5.61833 3.49919 5.18704 4.01701 5.11048 4.16514 5.57125 0 
3.74067 5.61833 4.16514 5.57125 4.55958 5.98717 4.01953 6.05024 0 
3.74067 5.61833 4.01953 6.05024 3.5 6.06218 3.25 5.62916 0 
4.50993 5.45845 4.16514 5.57125 4.01701 5.11048 4.57709 5.11747 0 
4.50993 5.45845 4.57709 5.11747 5.05584 5.15939 4.85372 5.59296 0 
4.50993 5.45845 4.85372 5.59296 4.55958 5.98717 4.16514 5.57125 0 
5.25299 5.6289 4.85372 5.59296 5.05584 5.15939 5.49408 5.19289 0 
5.25299 5.6289 5.49408 5.19289 5.91911 5.26657 5.65152 5.65189 0 
5.25299 5.6289 5.65152 5.65189 5.54538 6.06098 5.10184 6.05185 0 
5.25299 5.6289 5.10184 6.05185 4.55958 5.98717 4.85372 5.59296 0 
6.51918 5.17346 6.27488 5.52317 5.91911 5.26657 6.15883 4.87145 0 
6.51918 5.17346 6.15883 4.87145 6.34582 4.40111 6.75281 4.78252 0 
6.51918 5.17346 6.75281 4.78252 7.1411 5.18414 6.79079 5.57995 0 
6.51918 5.17346 6.79079 5.57995 6.48082 5.98381 6.27488 5.52317 0 
7.73866 5.61646 7.31333 5.68354 7.1411 5.18414 7.64857 5.18224 0 
7.73866 5.61646 7.64857 5.18224 8.11541 5.15391 8.15166 5.60658 0 
7.73866 5.61646 8.15166 5.60658 8.35079 6.06599 7.87955 6.06277 0 
7.73866 5.61646 7.87955 6.06277 7.49699 6.06076 7.31333 5.68354 0 
8.49574 5.49786 8.15166 5.60658 8.11541 5.15391 8.58171 5.13732 0 
8.49574 5.49786 8.58171 5.13732 8.97819 5.32512 8.74179 5.75446 0 
8.49574 5.49786 8.74179 5.75446 8.35079 6.06599 8.15166 5.60658 0 
9.50137 5.22977 9.28941 5.65858 8.97819 5.32512 9.1888 4.91064 0 
9.50137 5.22977 9.1888 4.91064 9.46302 4.49487 9.77595 4.86318 0 
9.50137 5.22977 9.77595 4.86318 9.99811 5.1983 9.82289 5.55577 0 
9.50137 5.22977 9.82289 5.55577 9.66467 6.00558 9.28941 5.65858 0 
10.2773 5.61947 9.82289 5.55577 9.99811 5.1983 10.3926 5.18883 0 
10.2773 5.61947 10.3926 5.18883 10.8823 5.15481 10.7741 5.59204 0 
10.2773 5.61947 10.7741 5.59204 10.6076 6.02599 10.1697 6.04332 0 
10.2773 5.61947 10.1697 6.04332 9.66467 6.00558 9.82289 5.55577 0 
11.25 5.62916 10.7741 5.59204 10.8823 5.15481 11.5 5.19615 0 
11.25 5.62916 11.5 5.19615 12 5.19615 11.75 5.62916 0 
11.25 5.62916 11.75 5.62916 11.5 6.06218 11 6.06218 0 
11.25 5.62916 11 6.06218 10.6076 6.02599 10.7741 5.59204 0 
11.4887 4.91365 11.2153 4.7694 11.516 4.35373 11.75 4.76314 0 
11.4887 4.91365 11.75 4.76314 12 5.19615 11.5 5.19615 0 
11.4887 4.91365 11.5 5.19615 10.8823 5.15481 11.2153 4.7694 0 
4.24406 6.47243 3.75 6.49519 3.5 6.06218 4.01953 6.05024 0 
4.24406 6.47243 4.01953 6.05024 4.55958 5.98717 4.72224 6.44868 0 
4.24406 6.47243 4.72224 6.44868 4.92728 6.88237 4.47092 6.90811 0 
4.24406 6.47243 4.47092 6.90811 4 6.9282 3.75 6.49519 0 
5.20167 6.46109 4.72224 6.44868 4.55958 5.98717 5.10184 6.05185 0 
5.20167 6.46109 5.10184 6.05185 5.54538 6.06098 5.64269 6.46919 0 
5.20167 6.46109 5.64269 6.46919 5.92571 6.86841 5.40013 6.8475 0 
5.20167 6.46109 5.40013 6.8475 4.92728 6.88237 4.72224 6.44868 0 
5.98347 6.35264 5.64269 6.46919 5.54538 6.06098 6.01103 6.04734 0 
5.98347 6.35264 6.01103 6.04734 6.48082 5.98381 6.24896 6.48204 0 
5.98347 6.35264 6.24896 6.48204 5.92571 6.86841 5.64269 6.46919 0 
7.01933 6.0254 6.78935 6.38811 6.48082 5.98381 6.79079 5.57995 0 
7.01933 6.0254 6.79079 5.57995 7.1411 5.18414 7.31333 5.68354 0 
7.01933 6.0254 7.31333 5.68354 7.49699 6.06076 7.30089 6.42397 0 
7.01933 6.0254 7.30089 6.42397 7.05044 6.89156 6.78935 6.38811 0 
5.99451 5.75124 5.65152 5.65189 5.91911 5.26657 6.27488 5.52317 0 
5.99451 5.75124 6.27488 5.52317 6.48082 5.98381 6.01103 6.04734 0 
5.99451 5.75124 6.01103 6.04734 5.54538 6.06098 5.65152 5.65189 0 
7.72978 6.50552 7.30089 6.42397 7.49699 6.06076 7.87955 6.06277 0 
7.72978 6.50552 7.87955 6.06277 8.35079 6.06599 8.15426 6.51875 0 
7.72978 6.50552 8.15426 6.51875 8.12081 6.95629 7.62649 6.91538 0 
7.72978 6.50552 7.62649 6.91538 7.05044 6.89156 7.30089 6.42397 0 
9.01958 6.04769 8.75913 6.3886 8.35079 6.06599 8.74179 5.75446 0 
9.01958 6.04769 8.74179 5.75446 8.97819 5.32512 9.28941 5.65858 0 
9.01958 6.04769 9.28941 5.65858 9.66467 6.00558 9.28261 6.35787 0 
9.01958 6.04769 9.28261 6.35787 9.0807 6.8536 8.75913 6.3886 0 
10.3008 6.48793 9.87343 6.49234 9.66467 6.00558 10.1697 6.04332 0 
10.3008 6.48793 10.1697 6.04332 10.6076 6.02599 10.75 6.49519 0 
10.3008 6.48793 10.75 6.49519 11 6.9282 10.5 6.9282 0 
10.3008 6.48793 10.5 6.9282 10.0169 6.93243 9.87343 6.49234 0 
11.0038 6.35601 10.75 6.49519 10.6076 6.02599 11 6.06218 0 
11.0038 6.35601 11 6.06218 11.5 6.06218 11.25 6.49519 0 
11.0038 6.35601 11.25 6.49519 11 6.9282 10.75 6.49519 0 
4.71552 7.33512 4.25 7.36122 4 6.9282 4.47092 6.90811 0 
4.71552 7.33512 4.47092 6.90811 4.92728 6.88237 5.16072 7.32382 0 
4.71552 7.33512 5.16072 7.32382 5.55524 7.75455 4.95274 7.71132 0 
4.71552 7.33512 4.95274 7.71132 4.5 7.79423 4.25 7.36122 0 
5.4868 7.19899 5.16072 7.32382 4.92728 6.88237 5.40013 6.8475 0 
5.4868 7.19899 5.40013 6.8475 5.92571 6.86841 5.83846 7.32833 0 
5.4868 7.19899 5.83846 7.32833 5.55524 7.75455 5.16072 7.32382 0 
6.263 7.37002 5.83846 7.32833 5.92571 6.86841 6.44892 6.97678 0 
6.263 7.37002 6.44892 6.97678 7.05044 6.89156 6.69975 7.37119 0 
6.263 7.37002 6.69975 7.37119 6.61079 7.82312 6.13136 7.80081 0 
6.263 7.37002 6.13136 7.80081 5.55524 7.75455 5.83846 7.32833 0 
7.75944 7.32347 7.33392 7.34852 7.05044 6.89156 7.62649 6.91538 0 
7.75944 7.32347 7.62649 6.91538 8.12081 6.95629 8.25758 7.35751 0 
7.75944 7.32347 8.25758 7.35751 8.38435 7.77106 7.92051 7.70732 0 
7.75944 7.32347 7.92051 7.70732 7.50627 7.79277 7.33392 7.34852 0 
6.51492 6.63658 6.24896 6.48204 6.48082 5.98381 6.78935 6.38811 0 
6.51492 6.63658 6.78935 6.38811 7.05044 6.89156 6.44892 6.97678 0 
6.51492 6.63658 6.44892 6.97678 5.92571 6.86841 6.24896 6.48204 0 
8.76301 7.37514 8.25758 7.35751 8.12081 6.95629 8.62487 6.9903 0 
8.76301 7.37514 8.62487 6.9903 9.0807 6.8536 9.24957 7.36676 0 
8.76301 7.37514 9.24957 7.36676 9.36354 7.79991 8.8418 7.79972 0 
8.76301 7.37514 8.8418 7.79972 8.38435 7.77106 8.25758 7.35751 0 
9.75454 7.39024 9.24957 7.36676 9.0807 6.8536 9.57706 6.99218 0 
9.75454 7.39024 9.57706 6.99218 10.0169 6.93243 10.25 7.36122 0 
9.75454 7.39024 10.25 7.36122 10.5 7.79423 10 7.79423 0 
9.75454 7.39024 10 7.79423 9.36354 7.79991 9.24957 7.36676 0 
8.51129 6.63358 8.15426 6.51875 8.35079 6.06599 8.75913 6.3886 0 
8.51129 6.63358 8.75913 6.3886 9.0807 6.8536 8.62487 6.9903 0 
8.51129 6.63358 8.62487 6.9903 8.12081 6.95629 8.15426 6.51875 0 
10.5008 7.21739 10.25 7.36122 10.0169 6.93243 10.5 6.9282 0 
10.5008 7.21739 10.5 6.9282 11 6.9282 10.75 7.36122 0 
10.5008 7.21739 10.75 7.36122 10.5 7.79423 10.25 7.36122 0 
9.53135 6.61771 9.28261 6.35787 9.66467 6.00558 9.87343 6.49234 0 
9.53135 6.61771 9.87343 6.49234 10.0169 6.93243 9.57706 6.99218 0 
9.53135 6.61771 9.57706 6.99218 9.0807 6.8536 9.28261 6.35787 0 
5.00349 8.0546 4.75 8.22724 4.5 7.79423 4.95274 7.71132 0 
5.00349 8.0546 4.95274 7.71132 5.55524 7.75455 5.25 8.22724 0 
5.00349 8.0546 5.25 8.22724 5 8.66025 4.75 8.22724 0 
6.25 8.22724 5.75 8.22724 5.55524 7.75455 6.13136 7.80081 0 
6.25 8.22724 6.13136 7.80081 6.61079 7.82312 6.75 8.22724 0 
6.25 8.22724 6.75 8.22724 7 8.66025 6.5 8.66025 0 
6.25 8.22724 6.5 8.66025 6 8.66025 5.75 8.22724 0 
5.49876 8.36817 5.25 8.22724 5.55524 7.75455 5.75 8.22724 0 
5.49876 8.36817 5.75 8.22724 6 8.66025 5.5 8.66025 0 
5.49876 8.36817 5.5 8.66025 5 8.66025 5.25 8.22724 0 
7.25 8.22724 6.75 8.22724 6.61079 7.82312 7.0872 7.86627 0 
7.25 8.22724 7.0872 7.86627 7.50627 7.79277 7.75 8.22724 0 
7.25 8.22724 7.75 8.22724 8 8.66025 7.5 8.66025 0 
7.25 8.22724 7.5 8.66025 7 8.66025 6.75 8.22724 0 
7.99013 8.06483 7.75 8.22724 7.50627 7.79277 7.92051 7.70732 0 
7.99013 8.06483 7.92051 7.70732 8.38435 7.77106 8.25 8.22724 0 
7.99013 8.06483 8.25 8.22724 8 8.66025 7.75 8.22724 0 
7.01641 7.50364 6.69975 7.37119 7.05044 6.89156 7.33392 7.34852 0 
7.01641 7.50364 7.33392 7.34852 7.50627 7.79277 7.0872 7.86627 0 
7.01641 7.50364 7.0872 7.86627 6.61079 7.82312 6.69975 7.37119 0 
8.75 8.22724 8.25 8.22724 8.38435 7.77106 8.8418 7.79972 0 
8.75 8.22724 8.8418 7.79972 9.36354 7.79991 9.25 8.22724 0 
8.75 8.22724 9.25 8.22724 9 8.66025 8.5 8.66025 0 
8.75 8.22724 8.5 8.66025 8 8.66025 8.25 8.22724 0 
9.75 8.22724 9.25 8.22724 9.36354 7.79991 10 7.79423 0 
9.75 8.22724 10 7.79423 10.5 7.79423 10.25 8.22724 0 
9.75 8.22724 10.25 8.22724 10 8.66025 9.5 8.66025 0 
9.75 8.22724 9.5 8.66025 9 8.66025 9.25 8.22724 0 
